data = [  0.100000001      -2.31076172E-03   2.46481206E-02   4.15941738E-02   5.26006520E-02   5.87868616E-02   6.07819036E-02   5.87886646E-02   5.26044443E-02   4.16003317E-02   2.46572718E-02  -3.08215921E-03
  0.200000003      -7.71884108E-04   3.49355564E-02   6.09044209E-02   7.87682235E-02   8.92053470E-02   9.26374197E-02   8.92071426E-02   7.87718222E-02   6.09097891E-02   3.49425860E-02  -2.05620471E-03
  0.300000012       4.27639490E-04   3.99608947E-02   7.04356581E-02   9.18475837E-02  0.104545996      0.108753718      0.104547203       9.18499231E-02   7.04390109E-02   3.99650633E-02  -1.14186096E-03
  0.400000006       1.12024148E-03   4.24723253E-02   7.52030835E-02   9.84027833E-02  0.112247318      0.116849460      0.112248003       9.84041169E-02   7.52049536E-02   4.24745902E-02  -5.99156541E-04
  0.500000000       1.48924394E-03   4.37318124E-02   7.75935799E-02  0.101690508      0.116110854      0.120911255      0.116111226      0.101691224       7.75945783E-02   4.37329896E-02  -3.07088834E-04
  0.600000024       1.67968741E-03   4.43637371E-02   7.87927657E-02  0.103339747      0.118048958      0.122948840      0.118049152      0.103340104       7.87932649E-02   4.43643332E-02  -1.55690170E-04
  0.699999988       1.77656545E-03   4.46807854E-02   7.93943480E-02  0.104167089      0.119021215      0.123970993      0.119021319      0.104167275       7.93946087E-02   4.46810946E-02  -7.85175507E-05
  0.800000012       1.82550284E-03   4.48398516E-02   7.96961561E-02  0.104582146      0.119508952      0.124483757      0.119509012      0.104582235       7.96962827E-02   4.48400006E-02  -3.94927811E-05
  0.900000036       1.85013970E-03   4.49196510E-02   7.98475593E-02  0.104790367      0.119753644      0.124741003      0.119753674      0.104790412       7.98476264E-02   4.49197292E-02  -1.98394337E-05
   1.00000000       1.86251977E-03   4.49596904E-02   7.99235255E-02  0.104894824      0.119876400      0.124870054      0.119876407      0.104894839       7.99235553E-02   4.49597277E-02  -9.95906703E-06
   1.10000002       1.86873705E-03   4.49797772E-02   7.99616352E-02  0.104947232      0.119937994      0.124934815      0.119938016      0.104947254       7.99616501E-02   4.49797921E-02  -4.99807220E-06
   1.20000005       1.87185756E-03   4.49898541E-02   7.99807534E-02  0.104973525      0.119968891      0.124967292      0.119968891      0.104973532       7.99807608E-02   4.49898653E-02  -2.50865514E-06
   1.30000007       1.87342323E-03   4.49949093E-02   7.99903348E-02  0.104986712      0.119984381      0.124983586      0.119984381      0.104986712       7.99903423E-02   4.49949130E-02  -1.25782549E-06
   1.39999998       1.87420903E-03   4.49974425E-02   7.99951479E-02  0.104993328      0.119992152      0.124991752      0.119992159      0.104993321       7.99951479E-02   4.49974462E-02  -6.31011403E-07
   1.50000000       1.87460298E-03   4.49987166E-02   7.99975619E-02  0.104996644      0.119996063      0.124995865      0.119996071      0.104996659       7.99975693E-02   4.49987203E-02  -3.16904845E-07
   1.60000002       1.87480031E-03   4.49993536E-02   7.99987763E-02  0.104998320      0.119998023      0.124997921      0.119998038      0.104998328       7.99987838E-02   4.49993536E-02  -1.58452423E-07
   1.70000005       1.87489914E-03   4.49996777E-02   7.99993873E-02  0.104999155      0.119999014      0.124998964      0.119999021      0.104999170       7.99993947E-02   4.49996814E-02  -8.08002412E-08
   1.80000007       1.87495013E-03   4.49998342E-02   7.99996853E-02  0.104999565      0.119999491      0.124999471      0.119999506      0.104999579       7.99997002E-02   4.49998379E-02  -3.98754452E-08
   1.89999998       1.87497493E-03   4.49999124E-02   7.99998343E-02  0.104999773      0.119999744      0.124999732      0.119999744      0.104999781       7.99998343E-02   4.49999161E-02  -2.02875068E-08
   2.00000000       1.87498680E-03   4.49999496E-02   7.99999088E-02  0.104999878      0.119999856      0.124999858      0.119999878      0.104999892       7.99999237E-02   4.49999571E-02  -1.01437534E-08
   2.10000014       1.87499274E-03   4.49999757E-02   7.99999535E-02  0.104999937      0.119999923      0.124999925      0.119999923      0.104999937       7.99999610E-02   4.49999794E-02  -5.59655389E-09
   2.20000005       1.87499693E-03   4.49999832E-02   7.99999684E-02  0.104999959      0.119999953      0.124999963      0.119999968      0.104999967       7.99999759E-02   4.49999869E-02  -2.44849230E-09
   2.29999995       1.87499798E-03   4.49999943E-02   7.99999908E-02  0.104999989      0.119999982      0.124999985      0.119999990      0.104999989       7.99999982E-02   4.49999981E-02  -1.74892301E-09
   2.40000010       1.87499868E-03   4.50000018E-02   7.99999982E-02  0.104999989      0.119999990      0.124999985      0.119999990      0.104999989       7.99999982E-02   4.49999981E-02  -3.49784618E-10
   2.50000000       1.87499938E-03   4.50000018E-02   7.99999982E-02  0.104999989      0.119999990      0.124999985      0.119999990      0.104999989       7.99999982E-02   4.49999981E-02   0.00000000    
   2.60000014       1.87499938E-03   4.50000018E-02   7.99999982E-02  0.104999989      0.119999990      0.124999985      0.119999990      0.104999989       7.99999982E-02   4.49999981E-02   0.00000000    
   2.70000005       1.87499938E-03   4.50000018E-02   7.99999982E-02  0.104999989      0.119999990      0.124999985      0.119999990      0.104999989       7.99999982E-02   4.49999981E-02   0.00000000    
   2.79999995       1.87499938E-03   4.50000018E-02   7.99999982E-02  0.104999989      0.119999990      0.124999985      0.119999990      0.104999989       7.99999982E-02   4.49999981E-02   0.00000000    
   2.90000010       1.87499938E-03   4.50000018E-02   7.99999982E-02  0.104999989      0.119999990      0.124999985      0.119999990      0.104999989       7.99999982E-02   4.49999981E-02   0.00000000    
   3.00000000       1.87499938E-03   4.50000018E-02   7.99999982E-02  0.104999989      0.119999990      0.124999985      0.119999990      0.104999989       7.99999982E-02   4.49999981E-02   0.00000000    
   3.10000014       1.87499938E-03   4.50000018E-02   7.99999982E-02  0.104999989      0.119999990      0.124999985      0.119999990      0.104999989       7.99999982E-02   4.49999981E-02   0.00000000    
   3.20000005       1.87499938E-03   4.50000018E-02   7.99999982E-02  0.104999989      0.119999990      0.124999985      0.119999990      0.104999989       7.99999982E-02   4.49999981E-02   0.00000000    
   3.29999995       1.87499938E-03   4.50000018E-02   7.99999982E-02  0.104999989      0.119999990      0.124999985      0.119999990      0.104999989       7.99999982E-02   4.49999981E-02   0.00000000    
   3.40000010       1.87499938E-03   4.50000018E-02   7.99999982E-02  0.104999989      0.119999990      0.124999985      0.119999990      0.104999989       7.99999982E-02   4.49999981E-02   0.00000000    
   3.50000000       1.87499938E-03   4.50000018E-02   7.99999982E-02  0.104999989      0.119999990      0.124999985      0.119999990      0.104999989       7.99999982E-02   4.49999981E-02   0.00000000    
   3.60000014       1.87499938E-03   4.50000018E-02   7.99999982E-02  0.104999989      0.119999990      0.124999985      0.119999990      0.104999989       7.99999982E-02   4.49999981E-02   0.00000000    
   3.70000005       1.87499938E-03   4.50000018E-02   7.99999982E-02  0.104999989      0.119999990      0.124999985      0.119999990      0.104999989       7.99999982E-02   4.49999981E-02   0.00000000    
   3.79999995       1.87499938E-03   4.50000018E-02   7.99999982E-02  0.104999989      0.119999990      0.124999985      0.119999990      0.104999989       7.99999982E-02   4.49999981E-02   0.00000000    
